3
1
723
1
5300
1
1.180678117728611
1
32500
1
1.0079609979874982
1
52500
1
0.96680385749134778
1
31600
1
0.99969277420556557
1
6400
1
1.1537092906473441
1
11400
1
1.0771783722178547
1
44600
1
0.97107746119282734
1
43700
1
0.99795603072082784
1
4600
1
1.2105339923575027
1
26000
1
1.0092795240345569
1
2100
1
1.3338844844227424
1
20700
1
1.0254292188429646
1
21600
1
1.0320940790342117
1
37200
1
0.98486399953369275
1
25100
1
1.0176926447560819
1
28800
1
1.001408840876219
1
29700
1
1.0143551305238159
1
66000
1
0.97505695883442056
1
2900
1
1.2695013755662432
1
53400
1
0.94920516327391746
1
54300
1
0.9584316134673776
1
22500
1
1.0331494763984967
1
8000
1
1.1142132199014869
1
55200
1
0.96869659389301177
1
69600
1
0.97879310693236521
1
45500
1
0.97668703145860092
1
46400
1
0.98721474821221211
1
13100
1
1.079599505896355
1
30600
1
1.0100494363825521
1
400
1
4.0316382908986679
1
39000
1
0.98666612819712196
1
39900
1
0.99905776649915323
1
10900
1
1.0746680144281728
1
8600
1
1.0929560287003066
1
18800
1
1.0101831787353908
1
19700
1
1.0195515870862537
1
72300
1
0.95581875556619911
1
3800
1
1.2282966038975347
1
1800
1
1.369787337618052
1
27800
1
0.98904016524166616
1
14500
1
1.0753121281698743
1
49100
1
0.98918375661766178
1
50500
1
0.97876943861613452
1
49600
1
0.98308269212505672
1
63500
1
0.96305185527183368
1
42600
1
1.0265499572721335
1
41700
1
1.9131008970758154
1
34300
1
1.001678628664235
1
4800
1
1.2001160208368673
1
23400
1
1.0298321009952915
1
65300
1
0.97547950995595889
1
58800
1
3.0159841170379269
1
9500
1
1.0615607733793593
1
24300
1
1.0233179144388183
1
57900
1
0.9707960269713567
1
16900
1
1.0396168769423588
1
52300
1
0.97138913222570911
1
51400
1
0.97846122263323798
1
32400
1
1.0128346534006292
1
31500
1
1.0042555124182906
1
53200
1
0.94290739746657992
1
17800
1
0.99657578070967545
1
2200
1
1.322916682202453
1
14000
1
1.0655580182097564
1
20600
1
1.0257184385863285
1
5500
1
1.1780481219444079
1
3100
1
1.2565926631727455
1
37000
1
0.98099507947812925
1
37900
1
0.98917936087252401
1
38800
1
0.98751876162694119
1
6600
1
1.1533501894739957
1
28700
1
0.999820474476807
1
65600
1
0.97313227607051478
1
16300
1
1.0464078416353915
1
68300
1
0.98963624426893759
1
22400
1
1.0295043914880757
1
21500
1
1.0357866225027466
1
69200
1
0.98144832262098336
1
45300
1
0.9786278456024472
1
55000
1
0.96441206272551072
1
47100
1
0.98546102072363684
1
3900
1
1.2315818979188204
1
29600
1
1.0276796150892349
1
61500
1
0.97742207290128436
1
30500
1
1.0118559113758743
1
39700
1
0.99914458413879104
1
10400
1
1.0698758636998515
1
18700
1
1.008614643595835
1
71900
1
0.9519297773678469
1
19600
1
1.0240976905468819
1
62400
1
0.95705025053170079
1
63300
1
0.9625884230769316
1
56800
1
0.96813865701743551
1
14900
1
1.0614156754029156
1
35000
1
0.9874953267889699
1
33200
1
1.0129357077462677
1
55900
1
0.96925624816129186
1
48000
1
0.98907024094428375
1
50300
1
0.98151656152005873
1
49400
1
0.98452666362293506
1
35900
1
0.97027557919451379
1
9000
1
1.0539640412937337
1
34100
1
1.0031679462376106
1
42400
1
1.0405153290579618
1
300
1
4.0661130525275233
1
64200
1
0.97092827862084552
1
65100
1
0.96892948690349134
1
23300
1
1.0304391032503595
1
57700
1
0.97102190690744061
1
28600
1
1.0008368132677787
1
58600
1
3.0342002691442356
1
9900
1
1.0686796690971025
1
6800
1
1.1442226373535556
1
51200
1
0.98192224903923231
1
31400
1
1.006456752711165
1
17700
1
0.9976904386494172
1
52100
1
0.97555147825513711
1
16800
1
1.0454918146793717
1
43300
1
1.0107368841869477
1
13500
1
1.0743393915486195
1
44200
1
0.97869350571226177
1
12200
1
1.0757006884166711
1
25800
1
1.009680542942806
1
20500
1
1.0286058971412886
1
5000
1
1.1835218854852831
1
59500
1
1.1239189555790896
1
37700
1
0.98754021894233623
1
38600
1
0.98428839414471236
1
61300
1
0.98315576176764807
1
60400
1
1.0025014420043692
1
21400
1
1.0333126858026793
1
22300
1
1.0362066812084574
1
7500
1
1.1284194446793359
1
68800
1
0.98042196222398459
1
45100
1
0.97277596711595227
1
54800
1
0.96456020640229734
1
46000
1
0.98296956571301863
1
46900
1
0.98600943923063111
1
29500
1
1.017320313321276
1
13000
1
1.0800337450216324
1
8500
1
1.0985273778866032
1
39500
1
0.99645018599364654
1
40400
1
0.98974148282812979
1
10800
1
1.0724747011081186
1
62200
1
0.95570073032558867
1
63100
1
0.96051816852881433
1
19500
1
1.0239867238907361
1
14400
1
1.0714480892339453
1
55700
1
0.96927906714532686
1
56600
1
0.96991857954826632
1
33000
1
1.0147081317744475
1
26700
1
0.97631461556303389
1
47800
1
0.98720435466296597
1
48700
1
0.99520568608835069
1
15300
1
1.0645851905199681
1
4000
1
1.2215848929044619
1
49200
1
0.98754186746952355
1
20400
1
1.0266696846775631
1
35700
1
0.96719627670799024
1
51000
1
0.9833395723400018
1
50100
1
0.9821754323469577
1
41300
1
4.7631164510061756
1
42200
1
1.1505544343028709
1
64900
1
0.97056889168285732
1
64000
1
0.96909717254879468
1
36600
1
0.97734469640956578
1
27600
1
0.99078072687307461
1
58400
1
3.5566756657997352
1
57500
1
0.97554542768602914
1
9400
1
1.0639600404701013
1
32200
1
1.0303302695792202
1
7700
1
1.1262145338397305
1
59300
1
1.6346002824307004
1
900
1
1.7703977020056401
1
52800
1
0.96403247979534779
1
13900
1
1.0637276870671082
1
16700
1
1.0477384910067282
1
2400
1
1.3082749017203847
1
43100
1
1.0126606315303637
1
72200
1
0.95505377254531698
1
44900
1
0.97255048778439834
1
44000
1
0.99069500970583957
1
24800
1
1.0194747721695598
1
71300
1
0.94685719241452815
1
7000
1
1.1401091693445777
1
37500
1
0.98497948918305456
1
16200
1
1.0508689857899804
1
60200
1
1.0047775783314441
1
61100
1
0.98597588220043486
1
21300
1
1.0265064809097264
1
53700
1
0.95112283300110601
1
22200
1
1.0357202981395959
1
67500
1
0.97228639248786652
1
46700
1
0.98698364939492267
1
29400
1
1.002198233137541
1
30300
1
1.0066910870221566
1
3300
1
1.2498854017944216
1
1100
1
1.5779927847712922
1
12500
1
1.0756953410687857
1
39300
1
0.99178861197650958
1
40200
1
0.9905419056145699
1
10300
1
1.0683851832677242
1
62900
1
0.959149545397741
1
62000
1
0.94956072081756959
1
72000
1
0.95136076154360838
1
55500
1
0.96893262591813967
1
56400
1
0.96962935055222865
1
1500
1
1.4194837122120791
1
14800
1
1.06494274866564
1
57300
1
0.97263504807149526
1
19400
1
1.019474899247224
1
47600
1
0.99039821849662779
1
8900
1
1.0486266900634695
1
49900
1
0.98781052325470631
1
64700
1
0.97136051602048312
1
68200
1
0.98601526248657034
1
63800
1
0.96584033298591598
1
28400
1
0.99820611592793085
1
36400
1
0.97451582661708214
1
67300
1
0.96975918218208279
1
27500
1
0.98930027370198936
1
32100
1
1.0062059832682482
1
31200
1
1.0065336391196373
1
58200
1
1.843131398627136
1
59100
1
2.2999711211020539
1
4500
1
1.2166425249573876
1
16600
1
1.0482702738172924
1
52600
1
0.96691312815738051
1
51700
1
0.97833169642417483
1
25600
1
1.0161288037886151
1
43800
1
0.99400974142972198
1
44700
1
0.97045396449311738
1
14300
1
1.0695254240172694
1
70900
1
0.93984773306907909
1
12100
1
1.0719527602625223
1
3400
1
1.2451529173114169
1
37300
1
0.98554667779390004
1
7900
1
1.1211070279990558
1
60900
1
0.99198051568976353
1
15700
1
1.0593312238702006
1
60000
1
1.0124484328278616
1
26500
1
0.98842042017076381
1
68000
1
0.98902738862958961
1
21200
1
1.0289993118077847
1
22100
1
1.037244861152097
1
6100
1
1.1619321597122405
1
67100
1
0.971694281872159
1
2500
1
1.3064953820699077
1
45600
1
0.97810520666365242
1
29300
1
1.0075499277716315
1
46500
1
0.9859475141364985
1
8400
1
1.0998552511247504
1
62700
1
0.95808835663156056
1
39100
1
0.98684074887765849
1
40000
1
0.99590823010285023
1
61800
1
0.96937638941222359
1
55300
1
0.96743549832704556
1
70700
1
0.95732348179294102
1
15200
1
1.0641902058994674
1
56200
1
0.9695323723314383
1
35300
1
0.97834787327531858
1
33500
1
1.0061615695539734
1
49700
1
0.98415542375215515
1
20200
1
1.0290690235463444
1
23900
1
1.0187721033065018
1
67800
1
1.0049338782471751
1
50600
1
0.98112525921634797
1
63600
1
0.96398746893325749
1
41800
1
1.8025276328708666
1
36200
1
0.97264394696996737
1
28300
1
0.9985086757621906
1
34400
1
1.0032647455991941
1
66900
1
0.9713504632717862
1
27400
1
0.98768899789877951
1
64500
1
0.97157470572675109
1
65400
1
0.97446855962949086
1
31100
1
1.0119580167884428
1
100
1
4.0926261617698607
1
10200
1
1.0678348769548394
1
58900
1
2.6682494303832454
1
58000
1
0.97379257680812159
1
16500
1
1.050415222391631
1
52400
1
0.97091683606001122
1
51500
1
0.98006216879521157
1
24600
1
1.020527810146167
1
18300
1
1.007196039168937
1
13800
1
1.0673624022317301
1
17400
1
1.0264858320551917
1
6500
1
1.1573569668060373
1
11600
1
1.0747698697254235
1
5400
1
1.179739562732478
1
22000
1
1.0340135243471247
1
60700
1
0.99565088166749172
1
37100
1
0.98140175271728869
1
38000
1
0.98785999158301618
1
38900
1
0.98850120795054353
1
26400
1
0.9957047428967043
1
67600
1
1.0698768182044862
1
23000
1
1.0309427485481617
1
9300
1
1.0604081490195414
1
53300
1
0.94594874066173762
1
21100
1
1.0294698127218858
1
16100
1
1.0518268249082818
1
66700
1
0.97267680144802604
1
30100
1
1.0015533886501544
1
57000
1
0.97548986520847492
1
57100
1
0.97435460042353139
1
7300
1
1.1372046363909856
1
48300
1
0.99273482778930378
1
54200
1
0.95640181529717871
1
55100
1
0.96703640028886939
1
26900
1
0.98084890826619109
1
48200
1
0.9929466272702131
1
45400
1
0.97701423940141263
1
4100
1
1.2256806934515934
1
47400
1
0.98632032430252059
1
37800
1
0.98756537434837299
1
25000
1
1.021549552159801
1
24400
1
1.0204944199157175
1
8100
1
1.1102438609881371
1
12400
1
1.0724491655086845
1
62500
1
0.96012072920926184
1
22900
1
1.0292233126302663
1
15900
1
1.0546954720560986
1
13300
1
1.0790774042934066
1
40700
1
0.98737953815987112
1
11100
1
1.0754138033692269
1
3500
1
1.239306252719689
1
44500
1
0.96620362875501087
1
44400
1
0.9656369933605472
1
1200
1
1.51552034527736
1
12600
1
1.0740631360799346
1
34500
1
1.0013025694391116
1
70300
1
0.96482666816943186
1
63400
1
0.9623897642511211
1
3000
1
1.2622427528098341
1
62600
1
0.95717991080544174
1
14700
1
1.0593492431794604
1
43500
1
1.0037401535560497
1
30400
1
1.0082875371650213
1
69700
1
0.97530640894722942
1
35100
1
0.9848061968424594
1
8800
1
1.0737858247027563
1
56000
1
0.96822001880345854
1
56900
1
0.97246641281430535
1
18600
1
1.0125021989375909
1
19200
1
1.0195604981406077
1
41000
1
0.98873750057456267
1
48100
1
0.99082831268074689
1
49000
1
0.98908232658069817
1
50400
1
0.98200282592603494
1
49500
1
0.98390307133497823
1
64400
1
0.9713062057647246
1
41500
1
3.2560942878015338
1
8300
1
1.1068136434005686
1
35200
1
0.98278626778040534
1
36000
1
0.97103890531488002
1
41600
1
2.3163599538280524
1
27300
1
0.98517590295001967
1
24200
1
1.0218714472561865
1
28200
1
0.99548275393563013
1
65800
1
0.97468900541604042
1
49800
1
0.98816395963013848
1
50700
1
0.98263126556695268
1
65200
1
0.97087910627469687
1
66100
1
0.9762052576545911
1
67400
1
0.96956575525767519
1
64300
1
0.97166464117627183
1
58700
1
3.1184702380819038
1
57800
1
0.96964495875329504
1
66300
1
0.97590886760740936
1
9700
1
1.0640945988209649
1
15000
1
1.0596964601399426
1
27900
1
0.99245503230138943
1
39800
1
0.9999809654082128
1
24900
1
1.0224315247276334
1
16400
1
1.0477526251545188
1
33400
1
1.0081949583715566
1
15100
1
1.0602405447098033
1
20000
1
1.0266675921040285
1
4900
1
1.1914008142444397
1
51300
1
0.977962577890225
1
27200
1
0.98407219530236034
1
38100
1
0.98621383214166503
1
3200
1
1.2466606842185786
1
14200
1
1.0641267418329032
1
34200
1
1.0052755713981443
1
18200
1
1.0080598842726531
1
52200
1
0.97641331585368285
1
17300
1
1.0322873981892877
1
44300
1
0.96372812047957268
1
43400
1
1.0096349906936464
1
13700
1
1.0706043630684285
1
36100
1
0.97412137684332267
1
19800
1
1.0199452109080287
1
68400
1
0.98294823133360798
1
12000
1
1.0723185290584902
1
68500
1
0.98235206850058598
1
21900
1
1.0319241046660055
1
4300
1
1.2160523775926171
1
7400
1
1.1302924683186171
1
16000
1
1.0563795643226412
1
60500
1
0.99801909675794986
1
59600
1
1.0619711389432067
1
38700
1
0.98632755254012505
1
25400
1
1.0154852494828244
1
200
1
2.700512739120879
1
18500
1
1.0092751922405871
1
2800
1
1.2767890054699416
1
40100
1
0.99213558817323755
1
39200
1
0.98953536044279344
1
26300
1
1.0018778552084262
1
21000
1
1.0294029829102833
1
61400
1
0.98069577605764502
1
15600
1
1.060062808930949
1
33900
1
1.0039936006806682
1
29100
1
1.0028988991766203
1
33800
1
1.0069091799751428
1
30000
1
1.0035898193680017
1
33700
1
1.0044613322276847
1
33300
1
1.0114686860192401
1
67200
1
0.97233089981267162
1
45200
1
0.97523023061492298
1
46100
1
0.98242285589091505
1
54900
1
0.96515007365889383
1
11700
1
1.0772064878535579
1
15400
1
1.0644410919034979
1
69900
1
0.97295412945806881
1
47000
1
0.98812743250820556
1
12800
1
1.0796887727755953
1
32000
1
1.0020639191867404
1
31800
1
1.0027364694259127
1
31700
1
1.0034216437516685
1
31300
1
1.0072475346248717
1
27700
1
0.98984179195862854
1
34600
1
0.99417909856325015
1
70400
1
0.96386094179751025
1
39600
1
1.003060112990579
1
40500
1
0.98711875188772769
1
10600
1
1.0732060246165727
1
34000
1
1.001074651390627
1
54600
1
0.96090681363354336
1
29200
1
1.0035384897933506
1
17900
1
1.0003712148131449
1
63200
1
0.9626323793518623
1
19300
1
1.0202895012848583
1
46300
1
0.98616605095036602
1
62300
1
0.95832184544391463
1
71400
1
0.9475501565478478
1
55800
1
0.96994893051182773
1
56700
1
0.96983522308560166
1
34900
1
0.98890509846031716
1
53600
1
0.95130382454120388
1
33100
1
1.0135140977144652
1
17600
1
1.0207171574104501
1
1700
1
1.3818728068908159
1
28000
1
0.99525621262685793
1
29800
1
1.0072893092301962
1
48800
1
0.9958136046955689
1
71700
1
0.95122458351820827
1
19100
1
1.0165797361480498
1
50200
1
0.98551380881210404
1
49300
1
0.98534612149755196
1
22800
1
1.029380053352563
1
7100
1
1.1350208177554324
1
28100
1
0.99452110058771526
1
35800
1
0.96931636474647953
1
26800
1
0.97741973457483866
1
51100
1
0.98018749538486094
1
4200
1
1.2213532512416956
1
42300
1
1.0625555053276508
1
41400
1
3.5016703635195476
1
7800
1
1.1233287735317086
1
25500
1
1.0168170660630089
1
65000
1
0.97234142683731384
1
25900
1
1.0090852711696547
1
67000
1
0.96920491377071205
1
800
1
1.876624916643939
1
66500
1
0.97837710129000599
1
30900
1
1.0116282917739126
1
57600
1
0.97313882926268891
1
36700
1
0.97363929851385367
1
9200
1
1.0600177580657246
1
58500
1
3.1076399044444165
1
38200
1
0.98641704603989844
1
66200
1
0.97498728116082323
1
2300
1
1.3204668027200064
1
10100
1
1.0653726686434108
1
4700
1
1.2014978177463289
1
59800
1
1.02684212916065
1
11900
1
1.0730739487333771
1
12900
1
1.081080932119787
1
54400
1
0.95726031763599373
1
25700
1
1.0143703498991372
1
20300
1
1.0294429231597557
1
26600
1
0.97129025408731751
1
15500
1
1.0624748439731775
1
6900
1
1.1438483382462639
1
52900
1
0.96088639599049408
1
52000
1
0.97594569038163981
1
11800
1
1.0760905506142586
1
5800
1
1.1662578517587261
1
44800
1
0.97309613519664206
1
25300
1
1.0178395986360658
1
44100
1
0.98436696138467894
1
43200
1
1.0119574301338061
1
70600
1
0.95952090991029559
1
45000
1
0.97562549674860044
1
11500
1
1.0771823367009348
1
1000
1
1.6550923549699494
1
20900
1
1.022305961443039
1
32600
1
1.0839219840073686
1
5100
1
1.1748316106936625
1
24000
1
1.0215751769652142
1
59400
1
1.3472466597042512
1
32700
1
1.0448897431386286
1
11300
1
1.0748383866477524
1
37600
1
0.98578300827272058
1
38500
1
0.98465982677224828
1
29000
1
1.0040335528443798
1
5200
1
1.1801488334965446
1
4400
1
1.215050371920491
1
26200
1
1.003376191045835
1
10700
1
1.0737617996976598
1
61200
1
0.98411239288169683
1
60300
1
1.0050532788193474
1
1600
1
1.3992244171686858
1
23100
1
1.0295257852061999
1
3600
1
1.2331031198029652
1
54700
1
0.96283311729598609
1
27100
1
0.9856074227248125
1
66800
1
0.97300965764829928
1
21800
1
1.0299699195004905
1
47900
1
0.99370503663106624
1
700
1
2.055482109537762
1
9800
1
1.0655003075583307
1
53800
1
0.95267519923191279
1
20100
1
1.0281380972191174
1
69500
1
0.97646727831442048
1
40800
1
0.98818465421955903
1
6300
1
1.1567740240560751
1
7600
1
1.1301542752032321
1
12300
1
1.0751371513896932
1
43600
1
0.9995335145785349
1
18100
1
1.0056492315281806
1
13200
1
1.0778446535997319
1
2600
1
1.298881110195685
1
1400
1
1.4427978439347093
1
14600
1
1.0635821527599345
1
65900
1
0.97403464192620448
1
33600
1
1.0036454302074869
1
39400
1
0.99002831363380517
1
40300
1
0.98853543723593151
1
2700
1
1.2814242374095355
1
17500
1
1.0216688475812032
1
11000
1
1.075297358317832
1
62100
1
0.95466619635220817
1
63000
1
0.96010363865462089
1
2000
1
1.3471968938360481
1
5600
1
1.1780192904096718
1
19900
1
1.0237069203767735
1
30800
1
1.0083282851350759
1
55600
1
0.96995032001596482
1
56500
1
0.97030573251238617
1
32900
1
1.0144200401604191
1
43000
1
1.0171648973458609
1
32300
1
1.022225944787998
1
13600
1
1.07317015586547
1
13400
1
1.0803696124804749
1
35500
1
0.96262465080451676
1
5700
1
1.168935633431061
1
47700
1
0.98767007959256969
1
500
1
3.1710017164444757
1
24700
1
1.0187138584160846
1
19000
1
1.0114756187968246
1
50000
1
0.98405935346939566
1
48600
1
0.99413614352231938
1
35600
1
0.96604744585948643
1
50900
1
0.98363577003676961
1
23600
1
1.0255246785334646
1
65700
1
0.97240774364250282
1
22700
1
1.0296718999805812
1
600
1
2.2927480437663488
1
18400
1
1.0114433745060827
1
42100
1
1.3800141789636755
1
41200
1
0.99981089108785248
1
63900
1
0.96725886307992071
1
64800
1
0.97235233809480837
1
6200
1
1.1544515004092115
1
36800
1
0.9758533473588058
1
40600
1
0.98734699525070935
1
8700
1
1.0847484634016837
1
36500
1
0.97733951730900925
1
69300
1
0.97887677744954293
1
34700
1
0.99205611620683254
1
57400
1
0.97378054000846537
1
42700
1
1.0246714696694275
1
23800
1
1.0223295624196909
1
9600
1
1.0638270986899241
1
53100
1
0.94163885249028878
1
6700
1
1.1529933253140674
1
24500
1
1.0214171596402695
1
47300
1
0.98365137719246776
1
45900
1
0.9804616426055468
1
59200
1
1.9773489671940399
1
58300
1
1.5487358299358878
1
46800
1
0.98533226371108762
1
23700
1
1.0243619678083633
1
18000
1
1.0042312420420685
1
51800
1
0.97841490638027406
1
17100
1
1.0360183167201589
1
51600
1
0.97838939034352534
1
14100
1
1.063370985274984
1
51900
1
0.97990396891265041
1
29900
1
1.0060141253941259
1
53000
1
0.95822990919159567
1
52700
1
0.96614908560974677
1
70200
1
0.96703386768112976
1
43900
1
0.99267683995908051
1
53500
1
0.94878727866106505
1
28500
1
0.997695329114625
1
48900
1
0.99229253532135364
1
53900
1
0.95174573962090103
1
54000
1
0.95584412346387482
1
26100
1
1.0060090250116951
1
20800
1
1.0239901060107817
1
40900
1
0.98661026013586095
1
21700
1
1.0289036006716339
1
30200
1
1.0056854612343562
1
70800
1
0.94029438605541349
1
37400
1
0.98356257619708842
1
38300
1
0.9880398962086272
1
6000
1
1.1641007545227089
1
5900
1
1.1698248935512512
1
25200
1
1.0182121213968256
1
72100
1
0.95254786606822361
1
71800
1
0.95143878431320239
1
28900
1
1.0020356749937491
1
61000
1
0.99116474808134725
1
60100
1
1.0066563043903241
1
71600
1
0.94827209017220315
1
71500
1
0.94958416000348123
1
66400
1
0.97793547095336886
1
54500
1
0.96033296209436936
1
8200
1
1.1078105650867656
1
71200
1
0.94383320717372754
1
71100
1
0.94459474779043573
1
71000
1
0.94365145470209322
1
69100
1
0.98051022477868377
1
70500
1
0.96167069730474597
1
45700
1
0.98023083852601001
1
46600
1
0.98582000749751786
1
3700
1
1.2306722166068438
1
42900
1
1.0177688401660614
1
41100
1
1.0015442805054287
1
42000
1
1.5021242434398219
1
70100
1
0.96844390128464708
1
12700
1
1.0783582963381275
1
69800
1
0.98013717315231286
1
50800
1
0.98273026648035844
1
69400
1
0.97518398577275445
1
47200
1
0.98400475184699743
1
69000
1
0.97894164824234997
1
32800
1
1.0266081307013843
1
10500
1
1.0703224653341143
1
30700
1
1.0094990127986623
1
61900
1
0.96476684768530407
1
62800
1
0.95794190075339425
1
68700
1
0.98335372048333936
1
11200
1
1.0755106129299343
1
68600
1
0.98414670405002957
1
18900
1
1.0132753239064591
1
70000
1
0.96940645591990282
1
1300
1
1.4773761167068087
1
42500
1
1.0326568040810951
1
45800
1
0.98118447785025431
1
55400
1
0.96861065625330922
1
68100
1
0.98623161570117701
1
67900
1
1.0095219464385485
1
67700
1
1.0176468871316804
1
66600
1
0.97350748946747545
1
31900
1
1.0005675960336298
1
7200
1
1.1393478192868012
1
38400
1
0.98488079138616946
1
48500
1
0.99176211307198325
1
56300
1
0.96807670927229694
1
57200
1
0.97618974809813353
1
35400
1
0.95984390333017777
1
47500
1
0.98798737443532147
1
48400
1
0.99138454100075246
1
22600
1
1.029845611070535
1
27000
1
0.98105675168918272
1
23200
1
1.0275755178469177
1
24100
1
1.0188831348358791
1
34800
1
0.99003487331847284
1
1900
1
1.3538886413013744
1
63700
1
0.96640116879043747
1
64600
1
0.97216894964698086
1
42800
1
1.0187170927091149
1
41900
1
1.591539157412222
1
64100
1
0.97051505883611455
1
15800
1
1.0566294404319907
1
36300
1
0.97720639760945127
1
9100
1
1.0556777164576792
1
68900
1
0.97730987534092084
1
61600
1
0.97586074954580104
1
60800
1
0.99196839865718278
1
60600
1
0.99550206515694095
1
59900
1
1.0170454738703685
1
61700
1
0.97454361189730765
1
65500
1
0.97213394603379333
1
59700
1
1.0375763134868976
1
23500
1
1.0238646134358331
1
36900
1
0.97894384344619234
1
10000
1
1.0679773812518256
1
54100
1
0.95393859568472028
1
31000
1
1.0118821462802923
1
46200
1
0.98284436813409126
1
59000
1
2.426888419752423
1
58100
1
1.5239714508832245
1
17000
1
1.0381131269995927
1
56100
1
0.96851004724952772
1
17200
1
1.0342900345796302
